23
0 5
6
0 1 12
0 2 11
1 3 12
2 1 0
2 4 11
3 2 0
3 5 19
4 3 7
4 5 4
23
0 5
6
0 1 12
0 2 11
1 3 12
2 1 0
2 4 11
3 2 0
3 5 19
4 3 7
4 5 4
23
0 5
6
0 1 12
0 2 11
1 3 12
2 1 0
2 4 11
3 2 0
3 5 19
4 3 7
4 5 4
20
0 1
6
0 1 16
0 2 4
1 3 0
2 1 4
2 4 0
3 2 0
3 5 0
4 3 0
4 5 0
23
0 5
6
0 1 12
0 2 11
1 3 12
2 1 0
2 4 11
3 2 0
3 5 19
4 3 7
4 5 4
23
0 5
6
0 1 12
0 2 11
1 3 12
2 1 0
2 4 11
3 2 0
3 5 19
4 3 7
4 5 4
20
0 1
6
0 1 16
0 2 4
1 3 0
2 1 4
2 4 0
3 2 0
3 5 0
4 3 0
4 5 0
-1
0 0
6
0 1 0
0 2 0
1 3 0
2 1 0
2 4 0
3 2 0
3 5 0
4 3 0
4 5 0
23
0 5
6
0 1 12
0 2 11
1 3 12
2 1 0
2 4 11
3 2 0
3 5 19
4 3 7
4 5 4
23
0 5
6
0 1 12
0 2 11
1 3 12
2 1 0
2 4 11
3 2 0
3 5 19
4 3 7
4 5 4
23
0 5
6
0 1 12
0 2 11
1 3 12
2 1 0
2 4 11
3 2 0
3 5 19
4 3 7
4 5 4
23
0 5
6
0 1 12
0 2 11
1 3 12
2 1 0
2 4 11
3 2 0
3 5 19
4 3 7
4 5 4
